10111010
01110110
00000010
00110100
01110110
00000010
00110100
01110110
00000010
00110100
01110110
00000010
00110100
01110110
00000010
00110100
01110110
00000010
00110100
01110110
00000010
00110100
01110110
00000010
00110100
01110110
00000010
00110100
01110110
00000010
00110100
11010011
11010011
10110010
00001110
11010011
10110010
00001110
11010011
10110010
00001110
11010011
10110010
00001110
11010011
10110010
00001110
11010011
10110010
00001110
11010011
10110010
00001110
11010011
10110010
00001110
11010011
10110010
00001110
11010011
10110010
00001110
10110100
00011111
01111101
10011111
00011111
01111101
10011111
00011111
01111101
10011111
00011111
01111101
10011111
00011111
01111101
10011111
00011111
01111101
10011111
00011111
01111101
10011111
00011111
01111101
10011111
00011111
01111101
10011111
00011111
01111101
10011111
11111001
01110111
11001010
00011110
01110111
11001010
00011110
01110111
11001010
00011110
01110111
11001010
00011110
01110111
11001010
00011110
01110111
11001010
00011110
01110111
11001010
00011110
01110111
11001010
00011110
01110111
11001010
00011110
01110111
11001010
00011110
10000101
10100111
10101000
10100110
10100111
10101000
10100110
10100111
10101000
10100110
10100111
10101000
10100110
10100111
10101000
10100110
10100111
10101000
10100110
10100111
10101000
10100110
10100111
10101000
10100110
10100111
10101000
10100110
10100111
10101000
10100110
10010110
01000011
01100010
01110111
01010111
01100010
01110111
01010111
01100010
01110111
01010111
01100010
01110111
01010111
01100010
01110111
01010111
01100010
01110111
01010111
01100010
01110111
01010111
01100010
01110111
01010111
01100010
01110111
01010111
01100010
01110111
01010111
00100101
00101010
11101000
00100101
00101010
11101000
00100101
00101010
11101000
00100101
00101010
11101000
00100101
00101010
11101000
00100101
00101010
11101000
00100101
00101010
11101000
00100101
00101010
11101000
00100101
00101010
11101000
00100101
00101010
11101000
10000110
10011100
00110010
10000110
10011100
00110010
10000110
10011100
00110010
10000110
10011100
00110010
10000110
10011100
00110010
10000110
10011100
00110010
10000110
10011100
00110010
10000110
10011100
00110010
10000110
10011100
00110010
10000110
10011100
00110010
00011010
11010010
01011111
00011010
11010010
01011111
00011010
11010010
01011111
00011010
11010010
01011111
00011010
11010010
01011111
00011010
11010010
01011111
00011010
11010010
01011111
00011010
11010010
01011111
00011010
11010010
01011111
00011010
11010010
01011111
10011001
11010110
11011110
10011001
11010110
11011110
10011001
11010110
11011110
10011001
11010110
11011110
10011001
11010110
11011110
10011001
11010110
11011110
10011001
11010110
11011110
10011001
11010110
11011110
10011001
11010110
11011110
10011001
11010110
11011110
10001000
01100011
00100000
10001000
01100011
00100000
10001000
01100011
00100000
10001000
01100011
00100000
10001000
01100011
00100000
10001000
01100011
00100000
10001000
01100011
00100000
10001000
01100011
00100000
10001000
01100011
00100000
10001000
01100011
00100000
00001011
11000110
01001100
00001011
11000110
01001100
00001011
11000110
01001100
00001011
11000110
01001100
00001011
11000110
01001100
00001011
11000110
01001100
00001011
11000110
01001100
00001011
11000110
01001100
00001011
11000110
01001100
00001011
11000110
01001100
00100110
10101111
10001000
00000111
10101111
10001000
00000111
10101111
10001000
00000111
10101111
10001000
00000111
10101111
10001000
00000111
10101111
10001000
00000111
10101111
10001000
00000111
10101111
10001000
00000111
10101111
10001000
00000111
10101111
10001000
00000111
10111110
00110000
01011111
01000010
01011011
01100100
01110000
10010001
01001110
10110100
10010001
01001110
10110100
10010001
01001110
10110100
10010001
01001110
10110100
10010001
01001110
10110100
10010001
01001110
10110100
10010001
01001110
10110100
10010001
01001110
10110100
10010001
01001110
10110100
10010001
01001110
10110100
10110001
11010100
01001001
10110001
11010100
01001001
10110001
11010100
01001001
10110001
11010100
01001001
10110001
11010100
01001001
10110001
11010100
01001001
10110001
11010100
01001001
10110001
11010100
01001001
10110001
11010100
01001001
10110001
11010100
01001001
10011011
01011110
11000001
00100100
01011110
11000001
00100100
01011110
11000001
00100100
01011110
11000001
00100100
01011110
11000001
00100100
01011110
11000001
00100100
01011110
11000001
00100100
01011110
11000001
00100100
01011110
11000001
00100100
01011110
11000001
00100100
01001010
00101011
00010011
01001010
00101011
00010011
01001010
00101011
00010011
01001010
00101011
00010011
01001010
00101011
00010011
01001010
00101011
00010011
01001010
00101011
00010011
01001010
00101011
00010011
01001010
00101011
00010011
01001010
00101011
00010011
01010111
10101110
10110111
11111001
10101110
10110111
11111001
10101110
10110111
11111001
10101110
10110111
11111001
10101110
10110111
11111001
10101110
10110111
11111001
10101110
10110111
11111001
10101110
10110111
11111001
10101110
10110111
11111001
10101110
10110111
11111001
01001001
01001101
00001111
10111101
10101010
00001111
10111101
10101010
00001111
10111101
10101010
00001111
10111101
10101010
00001111
10111101
10101010
00001111
10111101
10101010
00001111
10111101
10101010
00001111
10111101
10101010
00001111
10111101
10101010
00001111
10111101
10101010
00001011
10111001
00110010
01111000
10010111
11010111
10001111
10010111
11010111
10001111
10010111
11010111
10001111
10010111
11010111
10001111
10010111
11010111
10001111
10010111
11010111
10001111
10010111
11010111
10001111
10010111
11010111
10001111
10010111
11010111
10001111
10010111
11010111
10001111
11100100
11100111
11111000
11100001
11100111
11111000
11100001
11100111
11111000
11100001
11100111
11111000
11100001
11100111
11111000
11100001
11100111
11111000
11100001
11100111
11111000
11100001
11100111
11111000
11100001
11100111
11111000
11100001
11100111
11111000
11100001
00111011
10001111
11110110
00111011
10001111
11110110
00111011
10001111
11110110
00111011
10001111
11110110
00111011
10001111
11110110
00111011
10001111
11110110
00111011
10001111
11110110
00111011
10001111
11110110
00111011
10001111
11110110
00111011
10001111
11110110
01111111
00111111
10001001
01111111
00111111
10001001
01111111
00111111
10001001
01111111
00111111
10001001
01111111
00111111
10001001
01111111
00111111
10001001
01111111
00111111
10001001
01111111
00111111
10001001
01111111
00111111
10001001
01111111
00111111
10001001
11101100
10001001
00111000
11110100
01010000
11110100
11110100
10001100
10100000
11110100
10001100
10100000
11110100
10001100
10100000
11110100
10001100
10100000
11110100
10001100
10100000
11110100
10001100
10100000
11110100
10001100
10100000
11110100
10001100
10100000
11110100
10001100
10100000
11110100
10001100
10100000
01001000
10000100
01011100
01001000
10000100
01011100
01001000
10000100
01011100
01001000
10000100
01011100
01001000
10000100
01011100
01001000
10000100
01011100
01001000
10000100
01011100
01001000
10000100
01011100
01001000
10000100
01011100
01001000
10000100
01011100
01111100
00111101
01101110
01111100
00111101
01101110
01111100
00111101
01101110
01111100
00111101
01101110
01111100
00111101
01101110
01111100
00111101
01101110
01111100
00111101
01101110
01111100
00111101
01101110
01111100
00111101
01101110
01111100
00111101
01101110
11001100
11101101
10100011
01110110
00011000
10100011
01110110
00011000
10100011
01110110
00011000
10100011
01110110
00011000
10100011
01110110
00011000
10100011
01110110
00011000
10100011
01110110
00011000
10100011
01110110
00011000
10100011
01110110
00011000
10100011
01110110
00011000
00001111
10100001
00100101
00001111
10100001
00100101
00001111
10100001
00100101
00001111
10100001
00100101
00001111
10100001
00100101
00001111
10100001
00100101
00001111
10100001
00100101
00001111
10100001
00100101
00001111
10100001
00100101
00001111
10100001
00100101
00110110
00011001
00111001
00110110
00011001
00111001
00110110
00011001
00111001
00110110
00011001
00111001
00110110
00011001
00111001
00110110
00011001
00111001
00110110
00011001
00111001
00110110
00011001
00111001
00110110
00011001
00111001
00110110
00011001
00111001
01000000
01001111
10111010
10110111
00000010
01110100
10110111
00000010
01110100
10110111
00000010
01110100
10110111
00000010
01110100
10110111
00000010
01110100
10110111
00000010
01110100
10110111
00000010
01110100
10110111
00000010
01110100
10110111
00000010
01110100
10110111
00000010
01110100
00110001
11110000
01010000
00110001
11110000
01010000
00110001
11110000
01010000
00110001
11110000
01010000
00110001
11110000
01010000
00110001
11110000
01010000
00110001
11110000
01010000
00110001
11110000
01010000
00110001
11110000
01010000
00110001
11110000
01010000
10101000
00000100
01100111
10101000
00001100
01100111
10101000
00001100
01100111
10101000
00001100
01100111
10101000
00001100
01100111
10101000
00001100
01100111
10101000
00001100
01100111
10101000
00001100
01100111
10101000
00001100
01100111
10101000
00001100
01100111
10101000
00001100
00110111
00011011
00100001
00110111
00011011
00100001
00110111
00011011
00100001
00110111
00011011
00100001
00110111
00011011
00100001
00110111
00011011
00100001
00110111
00011011
00100001
00110111
00011011
00100001
00110111
00011011
00100001
